name: OCC
latitude: 44.068651
longitude: -93.224584
radius: 50
icon: mdi:broom
