name: SPCC
latitude: 44.946332
longitude: -93.119860
radius: 250
icon: mdi:broom
