name: TwinCities
latitude: 44.937904
longitude: -93.200830
radius: 32187 
icon: mdi:city
